1.000000000000000000e+00 6.985954211786512325e+00
2.000000000000000000e+00 1.263145806052391507e+01
3.000000000000000000e+00 6.688614055535561320e+00
4.000000000000000000e+00 1.094295414502665054e+01
5.000000000000000000e+00 1.311235214168760876e+01
6.000000000000000000e+00 1.943676743783046490e+01
7.000000000000000000e+00 1.083893235626272755e+01
8.000000000000000000e+00 1.423837098097757803e+01
9.000000000000000000e+00 2.003454800054916873e+01
1.000000000000000000e+01 8.712598207472474598e+00
1.100000000000000000e+01 1.850526006043052263e+01
1.200000000000000000e+01 2.556277626610599540e+01
1.300000000000000000e+01 2.309729814012410642e+01
1.400000000000000000e+01 3.424266188813793121e+01
1.500000000000000000e+01 2.799656015299048306e+01
1.600000000000000000e+01 3.183311978158805999e+01
1.700000000000000000e+01 4.008904290748732535e+01
1.800000000000000000e+01 2.151873364624730911e+01
1.900000000000000000e+01 2.768475499431914599e+01
2.000000000000000000e+01 1.735723051086940316e+01
2.100000000000000000e+01 2.429877782779928808e+01
2.200000000000000000e+01 2.169135723339465116e+01
2.300000000000000000e+01 1.602056729296012705e+01
2.400000000000000000e+01 1.740534569408396237e+01
2.500000000000000000e+01 1.929586954281627342e+01
2.600000000000000000e+01 9.731028306396920513e+00
2.700000000000000000e+01 1.614783074371279525e+01
2.800000000000000000e+01 7.055480761673265988e+00
2.900000000000000000e+01 1.603805060165083418e+01
3.000000000000000000e+01 1.177632709631755148e+01
3.100000000000000000e+01 1.947545197215426738e+00
3.200000000000000000e+01 1.593490669268453885e+01
3.300000000000000000e+01 1.861841560632994330e+01
3.400000000000000000e+01 1.929403830057431080e+01
3.500000000000000000e+01 2.187633778013872998e+01
3.600000000000000000e+01 2.101607057976200466e+01
3.700000000000000000e+01 2.448573442320338600e+01
3.800000000000000000e+01 3.128511921316360755e+01
3.900000000000000000e+01 2.443726762600342894e+01
4.000000000000000000e+01 4.058704283842948257e+01
4.100000000000000000e+01 2.754491594222035999e+01
4.200000000000000000e+01 2.355844098440363510e+01
4.300000000000000000e+01 2.507543791892083362e+01
4.400000000000000000e+01 1.857674303652494174e+01
4.500000000000000000e+01 2.043344172868449604e+01
4.600000000000000000e+01 2.452463548055946774e+01
4.700000000000000000e+01 1.824939068348299287e+01
4.800000000000000000e+01 1.895318183625408537e+01
4.900000000000000000e+01 1.584733804625353315e+01
5.000000000000000000e+01 7.409877423973609822e+00
5.100000000000000000e+01 1.574063503696779520e+01
5.200000000000000000e+01 4.716515231723994894e+00
5.300000000000000000e+01 1.473391154889545085e+01
5.400000000000000000e+01 9.449038336006543304e+00
5.500000000000000000e+01 -3.864309961438071817e+00
5.600000000000000000e+01 8.640697613645212272e+00
5.700000000000000000e+01 9.937353368919469077e+00
5.800000000000000000e+01 6.116344505956873512e+00
5.900000000000000000e+01 1.613759759857559217e+01
6.000000000000000000e+01 6.893857046884195761e+00
6.100000000000000000e+01 9.632112999928700958e+00
6.200000000000000000e+01 1.101566217800962733e+01
6.300000000000000000e+01 9.888568134393127096e+00
6.400000000000000000e+01 1.387547302278756511e+01
6.500000000000000000e+01 2.298107037626297000e+01
6.600000000000000000e+01 3.761610579130227450e+00
6.700000000000000000e+01 1.600000648052502328e+01
6.800000000000000000e+01 9.663068284574501732e+00
6.900000000000000000e+01 3.826735087223201326e+00
7.000000000000000000e+01 1.511559591019273441e+01
7.100000000000000000e+01 8.320009611582724673e+00
7.200000000000000000e+01 7.946513829712841037e+00
7.300000000000000000e+01 1.075181673216438760e+01
7.400000000000000000e+01 7.020363225259663054e+00
7.500000000000000000e+01 8.166196714785217026e+00
7.600000000000000000e+01 1.442591172602238636e+01
7.700000000000000000e+01 -3.496250867728662115e+00
7.800000000000000000e+01 1.449020500991145788e+01
7.900000000000000000e+01 -4.486470712640531211e-01
8.000000000000000000e+01 6.389314627669511637e+00
8.100000000000000000e+01 1.125818218954240635e+01
8.200000000000000000e+01 1.180998161968106075e+01
8.300000000000000000e+01 1.097621055707188020e+01
8.400000000000000000e+01 1.655476481006186518e+01
8.500000000000000000e+01 8.991184028541853834e+00
8.600000000000000000e+01 1.301157052138490577e+01
8.700000000000000000e+01 1.377124184877790469e+01
8.800000000000000000e+01 2.315170258810990589e+01
8.900000000000000000e+01 1.499438907690118938e+01
9.000000000000000000e+01 2.126084185851743769e+01
9.100000000000000000e+01 2.021316773397002464e+01
9.200000000000000000e+01 2.104257695804515649e+01
9.300000000000000000e+01 2.646341725115003740e+01
9.400000000000000000e+01 2.383118533857153309e+01
9.500000000000000000e+01 1.705972546189099504e+01
9.600000000000000000e+01 1.303334592814974968e+01
9.700000000000000000e+01 1.655466615559583232e+01
9.800000000000000000e+01 1.592682056438175842e+00
9.900000000000000000e+01 1.498556563234513561e+01
1.000000000000000000e+02 8.543484558136142937e-01
1.010000000000000000e+02 5.273099550192603679e+00
1.020000000000000000e+02 1.739813420316200521e+01
1.030000000000000000e+02 8.188019819271440625e+00
1.040000000000000000e+02 1.278170122336200265e+01
1.050000000000000000e+02 2.300734424354601870e+01
1.060000000000000000e+02 2.190438071819948718e+01
1.070000000000000000e+02 3.040639570024227822e+01
1.080000000000000000e+02 3.444311955996367658e+01
1.090000000000000000e+02 3.218532911947541919e+01
1.100000000000000000e+02 2.763526026169429883e+01
1.110000000000000000e+02 2.738282729831961149e+01
1.120000000000000000e+02 3.746704405876888444e+01
1.130000000000000000e+02 3.167087657335797957e+01
1.140000000000000000e+02 2.608426480050523821e+01
1.150000000000000000e+02 1.756225553034282072e+01
1.160000000000000000e+02 1.718794627301268818e+01
1.170000000000000000e+02 2.137418040626133831e+01
1.180000000000000000e+02 1.845529237958962909e+01
1.190000000000000000e+02 2.352998490800847264e+01
1.200000000000000000e+02 1.814656258760122043e+01
1.210000000000000000e+02 7.239788120516307934e+00
1.220000000000000000e+02 2.324858613825565712e+01
1.230000000000000000e+02 1.200474156153050131e+01
1.240000000000000000e+02 9.871773746557837015e+00
1.250000000000000000e+02 1.901527411236390819e+01
1.260000000000000000e+02 1.254537383024709030e+01
1.270000000000000000e+02 9.549409935280241513e+00
1.280000000000000000e+02 2.178393650247741675e+01
1.290000000000000000e+02 1.419953847663044044e+01
1.300000000000000000e+02 1.463779273870593833e+01
1.310000000000000000e+02 3.093188727291870066e+01
1.320000000000000000e+02 2.400663538723254931e+01
1.330000000000000000e+02 3.619755346970674736e+01
1.340000000000000000e+02 3.217148913262032295e+01
1.350000000000000000e+02 2.809356840813498479e+01
1.360000000000000000e+02 2.785776472847298280e+01
1.370000000000000000e+02 2.745110769108627835e+01
1.380000000000000000e+02 1.966780826108588442e+01
1.390000000000000000e+02 2.873089360481868582e+01
1.400000000000000000e+02 8.681105796910495442e+00
1.410000000000000000e+02 7.540239165583140668e+00
1.420000000000000000e+02 2.002806042177713053e+01
1.430000000000000000e+02 1.674655946067933954e+01
1.440000000000000000e+02 1.494744881727763186e+01
1.450000000000000000e+02 2.307997540698333694e+01
1.460000000000000000e+02 1.003068160005743437e+01
1.470000000000000000e+02 2.126313766514773818e+01
1.480000000000000000e+02 1.815725245752422268e+01
1.490000000000000000e+02 7.530682291605041989e+00
1.500000000000000000e+02 1.638680443359103833e+01
1.510000000000000000e+02 3.425696912379207149e+00
1.520000000000000000e+02 4.650231558904871498e+00
1.530000000000000000e+02 1.141424259437061650e+01
1.540000000000000000e+02 1.406454819432256897e+01
1.550000000000000000e+02 2.044133656330869897e+01
1.560000000000000000e+02 2.058716775193038018e+01
1.570000000000000000e+02 2.137328924284944520e+01
1.580000000000000000e+02 3.282137873250096050e+01
1.590000000000000000e+02 2.898600375364310011e+01
1.600000000000000000e+02 3.930710512919548449e+01
1.610000000000000000e+02 2.780783506207235689e+01
1.620000000000000000e+02 2.269564438292060160e+01
1.630000000000000000e+02 3.292040470031304267e+01
1.640000000000000000e+02 2.493876975675404140e+01
1.650000000000000000e+02 2.432837998264377077e+01
1.660000000000000000e+02 2.906148322244223081e+01
1.670000000000000000e+02 2.083764150839722618e+01
1.680000000000000000e+02 1.768410798666450745e+01
