1.000000000000000000e+00 1.760088469442945609e+02
2.000000000000000000e+00 1.515498627011758401e+02
3.000000000000000000e+00 9.196499659998976028e+01
4.000000000000000000e+00 1.669052428144851206e+02
5.000000000000000000e+00 1.272148360728173628e+02
6.000000000000000000e+00 1.979740709230834170e+02
7.000000000000000000e+00 2.323874902088803083e+02
8.000000000000000000e+00 2.143268331957058308e+02
9.000000000000000000e+00 2.230980774618409725e+02
1.000000000000000000e+01 3.129912873595318388e+02
1.100000000000000000e+01 2.317849468677785865e+02
1.200000000000000000e+01 2.606720732443134239e+02
1.300000000000000000e+01 2.556463425610545812e+02
1.400000000000000000e+01 3.785187772252938885e+02
1.500000000000000000e+01 2.436264550834391684e+02
1.600000000000000000e+01 2.221193428047675411e+02
1.700000000000000000e+01 2.620637074826503863e+02
1.800000000000000000e+01 1.962028387494494552e+02
1.900000000000000000e+01 2.756643819996867251e+02
2.000000000000000000e+01 1.208534740191743566e+02
2.100000000000000000e+01 3.103913433605029226e+01
2.200000000000000000e+01 4.511741711246521902e+01
2.300000000000000000e+01 8.158974722269036306e+01
2.400000000000000000e+01 7.581084083948033481e+01
2.500000000000000000e+01 -1.406866647875318010e+00
2.600000000000000000e+01 -6.378029428068239781e+01
2.700000000000000000e+01 -2.923467924920029049e+01
2.800000000000000000e+01 -3.817225448511083385e+01
2.900000000000000000e+01 4.933147102372740278e+01
3.000000000000000000e+01 -4.274969797936150506e+00
3.100000000000000000e+01 1.335276097835272822e+02
3.200000000000000000e+01 2.476550371845729259e+01
3.300000000000000000e+01 6.562713313359247991e+01
3.400000000000000000e+01 1.687771970455650319e+02
3.500000000000000000e+01 6.053270457873136223e+01
3.600000000000000000e+01 1.044750165551359089e+02
3.700000000000000000e+01 1.975948112295392605e+02
3.800000000000000000e+01 1.364333480459694954e+02
3.900000000000000000e+01 1.333040516362878805e+02
4.000000000000000000e+01 1.652254444719395394e+02
4.100000000000000000e+01 2.507242278920174385e+02
4.200000000000000000e+01 1.362534224970919468e+02
4.300000000000000000e+01 9.222233322185772408e+01
4.400000000000000000e+01 5.579115349776578370e+01
4.500000000000000000e+01 2.294506083066491158e+02
4.600000000000000000e+01 1.555739550935138595e+02
4.700000000000000000e+01 5.753347396891303589e+01
4.800000000000000000e+01 8.168685220280860904e+01
4.900000000000000000e+01 2.852840204461005769e+01
5.000000000000000000e+01 4.680754556710314063e+01
5.100000000000000000e+01 4.575583199903790188e+01
5.200000000000000000e+01 -4.120730250929683924e-01
5.300000000000000000e+01 2.194804621374013109e+01
5.400000000000000000e+01 1.045144567228204835e+01
5.500000000000000000e+01 1.296302242674136380e+02
5.600000000000000000e+01 1.234635544776109128e+02
5.700000000000000000e+01 6.260600880600540563e+01
5.800000000000000000e+01 9.183297650700366077e+00
5.900000000000000000e+01 2.159820465298842009e+02
6.000000000000000000e+01 1.624484488248948253e+02
6.100000000000000000e+01 3.895345426344594131e+01
6.200000000000000000e+01 1.473209132361727143e+02
6.300000000000000000e+01 2.171773227798448147e+02
6.400000000000000000e+01 1.573457555224061934e+02
6.500000000000000000e+01 1.480606494561769466e+02
6.600000000000000000e+01 1.355447277582935328e+02
6.700000000000000000e+01 1.773956221650610416e+02
6.800000000000000000e+01 1.346266913493532229e+02
6.900000000000000000e+01 2.128084884498151723e+02
7.000000000000000000e+01 1.653045403730093881e+02
7.100000000000000000e+01 4.079570558386146573e+00
7.200000000000000000e+01 1.524429736822970369e+02
7.300000000000000000e+01 1.563250238834548043e+02
7.400000000000000000e+01 7.115896025273181635e+01
7.500000000000000000e+01 5.336610810626529400e+01
7.600000000000000000e+01 5.190462133416327362e+01
7.700000000000000000e+01 1.178453933644132263e+02
7.800000000000000000e+01 1.073552459253672566e+02
7.900000000000000000e+01 8.078073450566648717e+01
8.000000000000000000e+01 3.996784835925193846e+01
8.100000000000000000e+01 8.658234695182525797e+01
8.200000000000000000e+01 2.073941114804149493e+02
8.300000000000000000e+01 1.353100424762323826e+02
8.400000000000000000e+01 1.007419642562064581e+02
8.500000000000000000e+01 1.361871436587321114e+02
8.600000000000000000e+01 1.679534156986145490e+02
8.700000000000000000e+01 1.270040338130593085e+02
8.800000000000000000e+01 1.613317519431255391e+02
8.900000000000000000e+01 8.880308807398915860e+01
9.000000000000000000e+01 1.003243309248729105e+02
9.100000000000000000e+01 1.909294905626351522e+02
9.200000000000000000e+01 2.663807371734569429e+01
9.300000000000000000e+01 6.307896536092577833e+01
9.400000000000000000e+01 1.174643148774128605e+02
9.500000000000000000e+01 1.495578379488189569e+02
9.600000000000000000e+01 1.018626627026250731e+02
9.700000000000000000e+01 1.725726954912994771e+01
9.800000000000000000e+01 1.330706576419560179e+02
9.900000000000000000e+01 3.804871594804914992e+01
1.000000000000000000e+02 6.354093972443813243e+01
1.010000000000000000e+02 1.401219681057918081e+02
1.020000000000000000e+02 8.190711494267315373e+00
1.030000000000000000e+02 1.017507416251878283e+02
1.040000000000000000e+02 1.784569280186116771e+02
1.050000000000000000e+02 1.672648373405157542e+02
1.060000000000000000e+02 5.454774741308792585e+01
1.070000000000000000e+02 7.974965077991875262e+01
1.080000000000000000e+02 1.883699250677084933e+02
1.090000000000000000e+02 2.149903857098324522e+02
1.100000000000000000e+02 1.850841488284630714e+02
1.110000000000000000e+02 2.535328910439463357e+02
1.120000000000000000e+02 1.637008159531381750e+02
1.130000000000000000e+02 2.302848789979750563e+02
1.140000000000000000e+02 2.057885746604046062e+02
1.150000000000000000e+02 1.598959276995849450e+02
1.160000000000000000e+02 1.676845706769877040e+02
1.170000000000000000e+02 2.728082616182578022e+02
1.180000000000000000e+02 1.734040385297751641e+02
1.190000000000000000e+02 1.605681203175613803e+02
1.200000000000000000e+02 1.554945870295525481e+02
1.210000000000000000e+02 8.799619168504692368e+01
1.220000000000000000e+02 1.531160180915961178e+02
1.230000000000000000e+02 2.002361214028414906e+02
1.240000000000000000e+02 1.330630045728329769e+01
1.250000000000000000e+02 2.569138319579452627e+02
1.260000000000000000e+02 2.849627878000995906e+02
1.270000000000000000e+02 2.607995155126346845e+02
1.280000000000000000e+02 1.948870949997755133e+02
1.290000000000000000e+02 2.999602810217813840e+02
1.300000000000000000e+02 1.389712483531646114e+02
1.310000000000000000e+02 2.680700534438977911e+02
1.320000000000000000e+02 3.630044654802502464e+02
1.330000000000000000e+02 3.576593876639880705e+02
1.340000000000000000e+02 2.550631214845937791e+02
1.350000000000000000e+02 1.919645814593810655e+02
1.360000000000000000e+02 2.820246419266888438e+02
1.370000000000000000e+02 2.588827694166131437e+02
1.380000000000000000e+02 7.556144822580382936e+01
1.390000000000000000e+02 3.048030196202398656e+02
1.400000000000000000e+02 1.636041117267463960e+02
1.410000000000000000e+02 1.490099339880115394e+02
1.420000000000000000e+02 5.177933059384400849e+01
1.430000000000000000e+02 1.079380586405050906e+02
1.440000000000000000e+02 7.117769351595303817e+01
1.450000000000000000e+02 3.164758301025213072e+01
1.460000000000000000e+02 5.344309899416663789e+00
1.470000000000000000e+02 1.169488449107923600e+02
1.480000000000000000e+02 2.836448176849359726e+01
1.490000000000000000e+02 7.837517282478594893e+01
1.500000000000000000e+02 9.279789607948754337e+01
1.510000000000000000e+02 7.145647688653063767e+01
1.520000000000000000e+02 8.585100742417043307e+01
1.530000000000000000e+02 1.129551548793646418e+02
1.540000000000000000e+02 2.439138589530845707e+02
1.550000000000000000e+02 2.375287317289598832e+02
1.560000000000000000e+02 1.560795271895192968e+02
1.570000000000000000e+02 2.212623375945572946e+02
1.580000000000000000e+02 2.644623870561326839e+02
1.590000000000000000e+02 1.830781378980083502e+02
1.600000000000000000e+02 2.508137400901905778e+02
1.610000000000000000e+02 2.543051250016470419e+02
1.620000000000000000e+02 2.251588086520046659e+02
1.630000000000000000e+02 1.543692258388258267e+02
1.640000000000000000e+02 1.564437419910759957e+02
1.650000000000000000e+02 1.629459680840711826e+02
1.660000000000000000e+02 1.681138694662170394e+02
1.670000000000000000e+02 1.214713066354510431e+02
1.680000000000000000e+02 1.521949567689642038e+02
